-2.84218
2.152
-1.12683
-0.126827
-0.126827
-2.07348
1.15232
1.87317
-1.12683
-0.126827
1.70396
-2.07348
-0.126827
-0.124688
-0.126827
-2.5218
-2.52177
-1.75828
2.65369
-0.126827
0.793718
-1.30659
-0.126827
-0.125389
5.20744
-3.5218
0.693408
-2.07391
-3.26328
-1.30659
2.59287
1.87317
-0.126827
1.45129
1.87317
-1.12683
-1.12683
1.7037
5.46078
-0.126827
0.873173
-1.12683
-0.839861
-0.691622
-0.126827
-1.78524
0.873173
-1.12683
1.00647
2.70289
-2.26328
-0.126827
-0.126827
-0.5218
-1.12683
-0.126827
-2.52177
-2.07348
1.87317
-0.126827
-3.0581
-0.126827
1.87317
3.43082
-1.78524
0.873173
-1.12683
-2.07391
-2.52177
-1.12683
-0.126827
-1.07341
-0.126827
-2.12683
0.991966
0.566186
-2.07341
0.873173
0.99122
-1.12683
-0.893526
1.87317
0.873173
-3.44436
-1.30474
1.00647
-0.126827
-0.126827
-1.07341
-0.126827
-1.78524
0.873173
-0.126827
0.873173
-2.12683
-0.126827
-2.30659
0.873173
-2.12683
-0.306592
-0.126827
-2.76559
-1.12683
-1.12683
0.873173
-0.126827
1.87317
-0.126827
-0.126827
-0.126827
3.37745
0.873173
0.873173
-1.12683
1.63106
-0.126827
-0.126827
0.873173
-1.30659
-2.12683
-1.12683
0.873173
-2.12683
2.94353
2.26958
-1.22091
1.00647
-1.12683
-0.838901
-0.126827
-2.12683
-2.12683
1.87317
-1.12683
-0.126827
-0.126827
1.1611
-0.126827
0.0722468
-0.126827
1.87317
3.15232
3.43044
-2.2646
-2.12683
-0.126827
-2.12683
0.873173
-2.0734
-2.0581
0.407622
-4.65957
-0.839565
1.87317
1.70335
-1.78307
2.76272
1.15162
0.873173
1.70335
1.87317
1.70335
2.94353
-0.126827
1.70335
-0.126827
-0.126827
-0.126827
-0.237281
0.873173
-1.07341
2.87317
-0.126827
-0.126827
1.0049
1.15232
-1.12683
3.94353
-0.126827
-0.126827
3.40288
-0.126827
0.873173
-0.126827
1.87317
-2.12683
-0.126827
-1.12683
-0.126827
0.703325
-0.126827
-1.12683
-4.97897
-1.0734
-0.126827
1.70334
-3.44504
-2.8412
0.873173
-0.126827
-0.126827
-4.01979
1.70335
3.94353
0.764144
-1.2646
-2.5218
-1.12683
-0.126827
-2.12683
-1.78504
-0.126827
-0.126827
-2.84199
0.873173
-1.75828
-0.126827
0.873173
0.873173
-2.52157
-0.126827
-0.126827
-2.12683
-0.126827
-0.126827
-1.12683
-0.126827
0.873173
-2.12683
-2.12683
-1.12683
-1.12683
1.00647
-2.12683
-2.8412
-1.0581
-0.126827
1.15414
-2.5218
-3.48889
-1.0731
0.873173
-0.126827
0.52356
-0.126827
-2.8412
-0.126827
-4.20986
-0.126827
-2.8412
-0.126827
-0.126827
-0.895693
-2.30659
-1.78683
3.152
0.873173
-0.126827
1.70334
-2.12683
1.87317
-1.30659
-1.12683
-0.296658
-0.126827
1.87317
-0.126827
-0.126827
1.70396
-0.126827
-1.12683
-0.126827
-0.126827
1.15232
-0.126827
-0.126827
3.54324
1.70335
-2.84199
-0.126827
-3.26353
-0.126827
2.65369
-0.126827
1.87317
-0.126827
-2.07381
-0.126827
-0.126827
-0.126827
-0.838924
-2.83947
-2.12683
1.70327
-0.126827
0.873173
-1.12683
-1.12683
-0.126827
2.13819
-0.126827
-1.12683
0.873173
-2.12683
-1.07381
-0.126827
0.873173
-2.12683
1.87317
1.00647
-2.17978
-2.2646
1.87317
-0.126827
-0.126827
-2.12683
0.873173
-1.12683
-0.126827
3.53448
-1.07321
-0.126827
-1.78683
-2.12683
-1.12683
3.43082
3.7037
-0.126827
-2.97669
-2.07344
-0.126827
-2.76559
-1.78504
-2.12683
-0.785037
-0.126827
1.07144
-0.126827
1.87317
-0.126827
-2.12683
-2.5218
-2.40068
-2.12683
-1.78524
-1.12683
-0.506415
-2.07381
-2.12683
-0.126827
1.70335
-0.126827
-0.126827
2.63106
1.87317
-0.126827
3.98172
-2.07348
-0.838212
2.63106
-2.07341
2.70327
0.873173
-1.12683
-0.126827
-0.126827
1.87317
-0.126827
1.76272
0.873173
-1.78683
2.94353
2.00647
-2.84218
1.87317
-3.02039
1.70334
-0.126827
0.873173
-0.126827
-2.07391
-1.30659
1.70334
2.7037
-2.8412
-2.2646
2.63106
-0.126827
-0.126827
-0.126827
